0.181812 0.000000 0.983333
-0.230243 0.210922 0.950000
0.034940 -0.398122 0.916667
0.285203 0.371997 0.883333
-0.518730 -0.091756 0.850000
0.486939 -0.309751 0.816667
-0.161371 0.600290 0.783333
-0.304861 -0.586992 0.750000
0.655098 0.239241 0.716667
-0.674871 0.278577 0.683333
0.322095 -0.688298 0.650000
0.235604 0.751141 0.616667
-0.702753 -0.407260 0.583333
0.815685 -0.179326 0.550000
-0.492418 0.700414 0.516667
-0.112503 -0.868177 0.483333
0.682853 0.575510 0.450000
-0.908283 0.037560 0.416667
0.654682 -0.651496 0.383333
-0.043270 0.935750 0.350000
-0.607736 -0.728271 0.316667
0.950457 0.127883 0.283333
-0.794793 0.552996 0.250000
0.214268 -0.952442 0.216667
0.488754 0.852941 0.183333
-0.941914 -0.300496 0.150000
0.901592 -0.416558 0.116667
-0.384718 0.919265 0.083333
-0.338029 -0.939807 0.050000
0.885066 0.465166 0.016667
